pi = 3.1415926535897932384626433832795
e = 2.718281828459045235360
def: area(radius) = pi*radius^2